2  915126  5  1
2  908405  5  3
2  979317  3  3
1  786481  2  4
1  884202  4  2
1  538003  1  4
1  884202  3  3
2  910271  4  2
1  884202  2  1
1  472045  5  5
2  524377  3  3
2  979317  1  1
1  639733  2  2
1  639733  1  4
2  910271  2  1
2  504640  5  4
1  852488  4  5
2  392188  2  2
2  524377  5  5
1  472045  3  4
2  564458  5  5
2  908405  3  4
2  291197  3  1
1  786481  3  2
2  908405  1  1
1  538003  2  2
2  908405  4  5
1  707532  2  2
2  291197  4  5
2  291197  2  4
1  538003  5  5
2  564458  2  2
1  467323  3  4
1  472045  4  3
1  852488  2  4
2  979317  4  4
1  884202  1  5
1  436199  1  4
2  979317  5  5
1  436199  2  2
1  436199  4  1
2  200885  4  3
2  291197  5  2
1  639733  5  1
1  707532  3  3
2  504640  2  5
2  200885  3  5
1  767373  2  5
1  707532  1  1
2  915126  2  4
1  884202  5  4
1  786481  4  5
2  915126  1  3
2  200885  5  1
1  436199  5  5
2  910271  1  5
1  707532  4  4
2  910271  3  3
1  767373  4  2
1  852488  3  1
2  504640  1  1
1  467323  5  3
2  504640  3  3
1  767373  3  3
2  564458  4  3
2  564458  1  1
2  291197  1  3
2  910271  5  4
2  524377  1  4
2  392188  4  1
2  564458  3  4
1  786481  5  1
2  915126  3  2
1  852488  5  2
1  467323  2  2
1  707532  5  5
2  200885  2  2
1  767373  5  4
1  538003  4  1
2  200885  1  4
2  908405  2  2
2  392188  3  3
1  467323  4  5
1  767373  1  1
1  639733  4  3
2  392188  5  5
2  524377  4  1
1  472045  2  2
1  852488  1  3
1  467323  1  1
1  436199  3  3
2  979317  2  2
1  639733  3  5
1  538003  3  3
2  524377  2  2
1  786481  1  3
2  915126  4  5
2  504640  4  2
2  392188  1  4
1  472045  1  1